clonestart,buildstart,packagestart,packagetestsstart,symbolsstart,clobberstart,finished,
1325201892,1325201969,1325204783,1325204806,1325204818,1325205413,1325205456,
1325205456,1325205543,1325208381,1325208404,1325208415,1325209013,1325209056,
1325209056,1325209146,1325211968,1325211991,1325212002,1325212602,1325212645,
1325212645,1325212734,1325215565,1325215588,1325215598,1325216200,1325216243,
1325216243,1325216333,1325219175,1325219199,1325219210,1325219810,1325219853,
1325219853,1325219943,1325222787,1325222811,1325222822,1325223423,1325223467,
1325223467,1325223556,1325226397,1325226421,1325226433,1325227035,1325227079,
1325227079,1325227167,1325230013,1325230036,1325230048,1325230651,1325230694,
1325230694,1325230782,1325233581,1325233605,1325233615,1325234215,1325234258,
1325234258,1325234346,1325237127,1325237152,1325237163,1325237766,1325237810,
1325237810,1325237899,1325240682,1325240705,1325240715,1325241314,1325241357,
1325241357,1325241447,1325244237,1325244260,1325244272,1325244868,1325244911,
1325244911,1325245000,1325247788,1325247811,1325247821,1325248425,1325248468,
1325248468,1325248556,1325251337,1325251360,1325251371,1325251970,1325252013,
1325252013,1325252103,1325254887,1325254911,1325254921,1325255524,1325255567,
1325255567,1325255655,1325258443,1325258466,1325258477,1325259076,1325259119,
1325259119,1325259208,1325261992,1325262015,1325262026,1325262625,1325262668,
1325262668,1325262757,1325265542,1325265566,1325265577,1325266174,1325266217,
1325266217,1325266306,1325269091,1325269115,1325269126,1325269727,1325269770,
1325269770,1325269860,1325272646,1325272670,1325272680,1325273280,1325273323,
1325273323,1325273412,1325276198,1325276221,1325276233,1325276834,1325276877,
1325276877,1325276967,1325279756,1325279778,1325279789,1325280388,1325280431,
1325280431,1325280520,1325283308,1325283332,1325283342,1325283944,1325283987,
1325283987,1325284077,1325286863,1325286887,1325286898,1325287496,1325287539,
1325287539,1325287629,1325290416,1325290439,1325290450,1325291055,1325291098,
1325291098,1325291188,1325293975,1325293999,1325294009,1325294614,1325294657,
1325294657,1325294747,1325297533,1325297557,1325297567,1325298167,1325298210,
1325298210,1325298299,